[setup]
frac_num = 3355443	; 2350000000.0 [Hz]

[ramp0]
reset = 1
increment = 0		; 0.0 [Hz]
length = 100		; 8e-07 [s]
doubler = 0
trigger = 1
flag = 0
next = 1

[ramp1]
reset = 0
increment = 0		; 0.0 [Hz]
length = 2249		; 1.7992e-05 [s]
doubler = 0
trigger = 0
flag = 0
next = 2

[ramp2]
reset = 1
increment = 1867		; 174997708.94633007 [Hz]
length = 50322		; 0.000402576 [s]
doubler = 0
trigger = 0
flag = 0
next = 3

[ramp3]
reset = 0
increment = -1980		; -174919936.05613327 [Hz]
length = 47429		; 0.000379432 [s]
doubler = 0
trigger = 0
flag = 0
next = 1

