[setup]
frac_num = 3355443	; 2350000000.0 [Hz]

[ramp0]
reset = 1
increment = 0		; 0.0 [Hz]
length = 100		; 8e-07 [s]
doubler = 0
trigger = 1
flag = 0
next = 1

[ramp1]
reset = 0
increment = 0		; 0.0 [Hz]
length = 2361		; 1.8888e-05 [s]
doubler = 0
trigger = 0
flag = 0
next = 2

[ramp2]
reset = 1
increment = 1867		; 174997708.94633007 [Hz]
length = 50322		; 0.000402576 [s]
doubler = 0
trigger = 0
flag = 0
next = 3

[ramp3]
reset = 0
increment = -1985		; -174947549.77211666 [Hz]
length = 47317		; 0.000378536 [s]
doubler = 0
trigger = 0
flag = 0
next = 1

